[gd_scene load_steps=29 format=2]

[ext_resource path="res://addons/godot-xr-tools/functions/movement_turn.tscn" type="PackedScene" id=1]
[ext_resource path="res://addons/godot-xr-tools/functions/movement_jump.tscn" type="PackedScene" id=2]
[ext_resource path="res://addons/godot-xr-tools/functions/function_pointer.tscn" type="PackedScene" id=3]
[ext_resource path="res://addons/godot-xr-tools/player/player_body.tscn" type="PackedScene" id=4]
[ext_resource path="res://Scenes/UI.tscn" type="PackedScene" id=5]
[ext_resource path="res://addons/godot-xr-tools/functions/movement_direct.tscn" type="PackedScene" id=6]
[ext_resource path="res://addons/godot-xr-tools/functions/function_teleport.tscn" type="PackedScene" id=7]
[ext_resource path="res://addons/godot-xr-tools/objects/viewport_2d_in_3d.tscn" type="PackedScene" id=8]
[ext_resource path="res://DonaldoScenes/torch.glb" type="PackedScene" id=9]
[ext_resource path="res://addons/godot-openxr/scenes/first_person_controller_vr.tscn" type="PackedScene" id=10]
[ext_resource path="res://addons/godot-xr-tools/functions/movement_flight.tscn" type="PackedScene" id=11]
[ext_resource path="res://DonaldoScenes/ruins4Godot.tscn" type="PackedScene" id=12]
[ext_resource path="res://DonaldoScenes/ruins4Godot_Cube001.mesh" type="ArrayMesh" id=13]
[ext_resource path="res://DonaldoScenes/leaves_Plane007.mesh" type="ArrayMesh" id=14]
[ext_resource path="res://DonaldoScenes/ruins4Godot_Cube.mesh" type="ArrayMesh" id=15]
[ext_resource path="res://DonaldoScenes/ruins4Godot_Plane005.mesh" type="ArrayMesh" id=16]
[ext_resource path="res://DonaldoScenes/ruins4Godot_Plane003.mesh" type="ArrayMesh" id=17]
[ext_resource path="res://DonaldoScenes/ruins4Godot_Plane002.mesh" type="ArrayMesh" id=18]
[ext_resource path="res://Scenes/DonaldoScene/ruins4Godot_Plane.mesh" type="ArrayMesh" id=19]
[ext_resource path="res://DonaldoScenes/ruins4Godot_Plane004.mesh" type="ArrayMesh" id=20]
[ext_resource path="res://DonaldoScenes/ruins4Godot_Plane006.mesh" type="ArrayMesh" id=21]
[ext_resource path="res://DonaldoScenes/ruins4Godot_Cube003.mesh" type="ArrayMesh" id=22]
[ext_resource path="res://DonaldoScenes/ruins4Godot_Cylinder.mesh" type="ArrayMesh" id=23]
[ext_resource path="res://Scenes/New_enviroment.tres" type="Environment" id=24]

[sub_resource type="BoxShape" id=1]
extents = Vector3( 32.156, 1, 32.4807 )

[sub_resource type="BoxShape" id=13]
extents = Vector3( 10.0715, 13.9013, 6.23012 )

[sub_resource type="CubeMesh" id=11]
size = Vector3( 0.2, 0.2, 0.2 )

[sub_resource type="CubeMesh" id=12]
size = Vector3( 0.2, 0.2, 0.2 )

[node name="Menu" type="Node"]

[node name="rock" type="MeshInstance" parent="."]
transform = Transform( 1, 0, 0, 0, 1, 0, 0, 0, 1, 13.9438, 1.05787, -11.9147 )
mesh = ExtResource( 22 )

[node name="rock" type="MeshInstance" parent="rock"]
transform = Transform( 0.5, 0, 0, 0, 0.5, 0, 0, 0, 0.5, -6.96051, 0.155448, -6.32618 )
mesh = ExtResource( 22 )

[node name="rock" type="MeshInstance" parent="rock/rock"]
transform = Transform( 0.5, 0, 0, 0, 0.5, 0, 0, 0, 0.5, -3.64355, -0.465258, -4.79707 )
mesh = ExtResource( 22 )

[node name="rock2" type="MeshInstance" parent="."]
transform = Transform( 1, 0, 0, 0, 1, 0, 0, 0, 1, -9.95492, -0.131421, -18.6563 )
mesh = ExtResource( 15 )

[node name="stairs" type="MeshInstance" parent="."]
transform = Transform( 2, 0, 0, 0, 1, 0, 0, 0, 2, -0.549932, -0.642592, -15.9371 )
mesh = ExtResource( 18 )

[node name="pillar" type="MeshInstance" parent="."]
transform = Transform( 2, 0, 0, 0, 2, 0, 0, 0, 2, 5.13278, 0.442902, -7.7103 )
mesh = ExtResource( 17 )

[node name="stone" type="MeshInstance" parent="."]
transform = Transform( 0.0524929, -0.998621, 0, 0.998621, 0.0524929, 0, 0, 0, 1, 5.75531, 0.692708, -14.6069 )
mesh = ExtResource( 20 )

[node name="pillar2" type="MeshInstance" parent="."]
transform = Transform( 2, 0, 0, 0, 2, 0, 0, 0, 2, -2.78345, 0.442909, -7.09643 )
mesh = ExtResource( 16 )

[node name="pillar3" type="MeshInstance" parent="."]
transform = Transform( -0.571878, 0, -2.87474, 0, 2, 0, 1.9165, 0, -0.857818, 6.38179, 0.413944, -21.9104 )
mesh = ExtResource( 21 )

[node name="pillar3" type="MeshInstance" parent="pillar3"]
transform = Transform( 0.0633812, 0, -2.43524, 0, 1, 0, 0.801731, 0, 0.750874, 4.16037, 0.0112342, 6.15588 )
mesh = ExtResource( 21 )

[node name="Stone" type="MeshInstance" parent="."]
transform = Transform( -0.0167548, 0, 1.49991, 0, 1.5, 0, -1.49991, 0, -0.0167548, 14.0689, 0.442934, -7.24168 )
mesh = ExtResource( 13 )
skeleton = NodePath("../Ground/ruinsWcolor")

[node name="Ground" type="StaticBody" parent="."]
transform = Transform( 1, 0, 0, 0, 1, 0, 0, 0, 1, 0, -28, 0 )
collision_layer = 524290

[node name="ruinsWcolor" parent="Ground" instance=ExtResource( 12 )]
transform = Transform( -0.0335095, 0, 2.99981, 0, 3, 0, -2.99981, 0, -0.0335095, -0.0101175, 28.0276, 9.35478 )

[node name="CollisionShape" type="CollisionShape" parent="Ground"]
transform = Transform( 0.499921, 0, 0, 0, 1, 0, 0, 0, 0.826773, -0.0252266, 27.7769, 3.12245 )
shape = SubResource( 1 )

[node name="Stairs" type="Spatial" parent="Ground"]
transform = Transform( 1, 0, 0, 0, 1, 0, 0, 0, 1, 0, 36.7601, 0 )

[node name="StaticBody" type="StaticBody" parent="Ground/Stairs"]
transform = Transform( 0.294484, 0, 0, 0, 0.00668938, 0, 0, 0, 0.0691403, 0, -7.67632, -3.65315 )

[node name="CollisionShape" type="CollisionShape" parent="Ground/Stairs/StaticBody"]
transform = Transform( 1, 0, 0, 0, 1, 0, 0, 0, 1, 1.82675, -99.238, 8.76873 )
shape = SubResource( 13 )

[node name="StaticBody2" type="StaticBody" parent="Ground/Stairs"]
transform = Transform( 0.294484, 0, 0, 0, 0.00668938, 0, 0, 0, 0.0691403, 0, -7.22796, -3.13372 )

[node name="CollisionShape" type="CollisionShape" parent="Ground/Stairs/StaticBody2"]
transform = Transform( 1, 0, 0, 0, 1, 0, 0, 3.72529e-09, 1, 1.84179, -89.1521, 11.2277 )
shape = SubResource( 13 )

[node name="StaticBody3" type="StaticBody" parent="Ground/Stairs"]
transform = Transform( 0.294484, 0, 0, 0, 0.00668938, 0, 0, 0, 0.0691403, 0, -6.68753, -2.63277 )

[node name="CollisionShape" type="CollisionShape" parent="Ground/Stairs/StaticBody3"]
transform = Transform( 1, 0, 0, 0, 1, 0, 0, 0, 1, 1.84179, -124.436, 14.0295 )
shape = SubResource( 13 )

[node name="StaticBody4" type="StaticBody" parent="Ground/Stairs"]
transform = Transform( 0.294484, 0, 0, 0, 0.00668938, 0, 0, 0, 0.0691403, 0, -6.45185, -1.70483 )

[node name="CollisionShape" type="CollisionShape" parent="Ground/Stairs/StaticBody4"]
transform = Transform( 1, 0, 0, 0, 1, 0, 0, 0, 1, 1.82675, -99.238, 8.76873 )
shape = SubResource( 13 )

[node name="StaticBody5" type="StaticBody" parent="Ground/Stairs"]
transform = Transform( 0.294484, 0, 0, 0, 0.00668938, 0, 0, 0, 0.0691403, 0, -6.14539, -1.03713 )

[node name="CollisionShape" type="CollisionShape" parent="Ground/Stairs/StaticBody5"]
transform = Transform( 1, 0, 0, 0, 1, 0, 0, 0, 1, 1.82675, -99.238, 8.76873 )
shape = SubResource( 13 )

[node name="FPController" parent="." instance=ExtResource( 10 )]
transform = Transform( -0.874314, -7.0376e-05, 0.48536, 0.000199253, 1, 0.000503961, -0.48536, 0.000537332, -0.874314, 11.7259, 1.8145, -17.4903 )

[node name="ARVRCamera" parent="FPController" index="1"]
environment = ExtResource( 24 )
far = 1000.0

[node name="LeftHandController" parent="FPController" index="2"]
visible = true

[node name="MeshInstance" type="MeshInstance" parent="FPController/LeftHandController" index="0"]
mesh = SubResource( 11 )

[node name="FunctionTeleport" parent="FPController/LeftHandController" index="1" instance=ExtResource( 7 )]
transform = Transform( -0.997546, 0.000686041, -0.0700351, 0.000665734, 1, 0.000313185, 0.0700353, 0.000265769, -0.997546, 0.570225, 0.405986, -3.86046 )
max_slope = 1.0

[node name="MovementTurn" parent="FPController/LeftHandController" index="2" instance=ExtResource( 1 )]

[node name="RightHandController" parent="FPController" index="3"]
visible = true

[node name="MeshInstance" type="MeshInstance" parent="FPController/RightHandController" index="0"]
transform = Transform( 1, 0, 0, -2.91038e-11, 1, 2.91038e-11, -2.98023e-08, 2.91038e-11, 1, 0.00678825, -0.00504947, -0.00537491 )
mesh = SubResource( 12 )

[node name="MovementDirect" parent="FPController/RightHandController" index="1" instance=ExtResource( 6 )]
enabled = true
order = 10
max_speed = 10.0
strafe = true

[node name="MovementJump" parent="FPController/RightHandController" index="2" instance=ExtResource( 2 )]
jump_button_id = 15

[node name="MovementFlight" parent="FPController/RightHandController" index="3" instance=ExtResource( 11 )]

[node name="FunctionPointer" parent="FPController/RightHandController" index="4" instance=ExtResource( 3 )]
transform = Transform( 1, 0, 0, -7.27596e-12, 1, -2.91038e-11, -7.45058e-09, 0, 1, 0, 0, 0 )
show_laser = 2
active_button = 2

[node name="PlayerBody" parent="FPController" instance=ExtResource( 4 )]
transform = Transform( 1, 0, 0, 0, 1, 2.91038e-11, -2.98023e-08, 2.91038e-11, 1, 4.11265, 0.47979, -4.62609 )

[node name="DirectionalLight" type="DirectionalLight" parent="."]
transform = Transform( 0.773055, 0.515756, -0.369299, 0, 0.58218, 0.81306, 0.634339, -0.62854, 0.450057, 0.0727329, 18.9366, -0.0305614 )
light_color = Color( 0.121569, 0.282353, 0.588235, 1 )
light_energy = 2.026
shadow_enabled = true

[node name="SpotLight2" type="SpotLight" parent="DirectionalLight"]
transform = Transform( 1, 0, 0, 5.96046e-08, 1, -2.98023e-08, 2.98023e-08, 0, 1, 10.3812, -17.1951, 4.35094 )
light_color = Color( 1, 0.4, 0, 1 )
light_energy = 7.399
light_indirect_energy = 0.791
spot_range = 9.41474
spot_angle = 50.0387

[node name="SpotLight" type="SpotLight" parent="DirectionalLight"]
transform = Transform( 1, 2.98023e-08, -2.98023e-08, 2.98023e-08, 1, 0, 0, 0, 1, 4.26972, -9.31646, -4.77466 )
light_color = Color( 1, 0.4, 0, 1 )
light_energy = 7.399
light_indirect_energy = 0.791
spot_range = 6.80434
spot_angle = 39.142

[node name="SpotLight3" type="SpotLight" parent="DirectionalLight"]
transform = Transform( 1, -5.96046e-08, 2.98023e-08, 1.19209e-07, 1, 0, 0, -5.96046e-08, 1, 15.1888, -15.9586, -4.68769 )
light_color = Color( 0, 0.670588, 1, 1 )
light_energy = 7.399
light_indirect_energy = 0.791
spot_range = 5.6582
spot_angle = 46.0559

[node name="SpotLight4" type="SpotLight" parent="DirectionalLight"]
transform = Transform( 0.729029, -0.487213, -0.48077, 0.604003, 0.78835, 0.116981, 0.322021, -0.375669, 0.869008, 7.82681, -14.0719, -9.33461 )
light_color = Color( 0, 0.670588, 1, 1 )
light_energy = 7.399
light_indirect_energy = 0.791
spot_range = 6.121
spot_angle = 40.5624

[node name="SpotLight5" type="SpotLight" parent="DirectionalLight"]
transform = Transform( 0.993852, -0.109079, -0.0189748, 0.0987342, 0.795626, 0.597688, -0.0500984, -0.595887, 0.801504, -5.62812, 1.92994, -22.5223 )
light_color = Color( 1, 0.584314, 0, 1 )
light_energy = 7.399
light_indirect_energy = 0.791
spot_range = 1.31121
spot_angle = 63.2813

[node name="Viewport2Din3D" parent="." instance=ExtResource( 8 )]
transform = Transform( -0.993188, 3.36033e-05, -0.116521, 0.000143995, 1, -0.000938866, 0.116521, -0.00094925, -0.993188, 0.616898, 1.68001, -22.4707 )
scene = ExtResource( 5 )

[node name="ruins4Godot_Plane" type="MeshInstance" parent="."]
transform = Transform( -15.2853, 0, -0.0747303, 0, 10, 0, 0.132059, 0, -8.64968, 0.275682, 0.781047, -14.2634 )
mesh = ExtResource( 19 )

[node name="torch" parent="." instance=ExtResource( 9 )]
transform = Transform( 1, 1.39473e-06, 2.40806e-05, -3.38276e-06, 0.996575, 0.0826907, -2.38826e-05, -0.0826907, 0.996575, 2.77629, 8.21686, 3.9818 )

[node name="torch" parent="torch" instance=ExtResource( 9 )]
transform = Transform( 0.21486, -0.963286, -0.160979, 0.973305, 0.224819, -0.0462233, 0.0807174, -0.146751, 0.985879, 2.37109, -5.49481, -19.1594 )

[node name="foliage" type="MeshInstance" parent="."]
transform = Transform( 0.997943, -0.06315, 0.0110782, 0.0641143, 0.982932, -0.172433, 0, 0.172789, 0.984959, 8.05998, 0.760594, -13.0929 )
mesh = ExtResource( 14 )
skeleton = NodePath("../tree")

[node name="leaves_Plane007" type="MeshInstance" parent="foliage"]
transform = Transform( -0.0897843, 0.399677, 0.912248, 0.0391475, 0.916656, -0.397755, -0.995192, 0, -0.0979477, 0.0649204, -0.000270844, -0.0310917 )
mesh = ExtResource( 14 )

[node name="leaves_Plane008" type="MeshInstance" parent="foliage"]
transform = Transform( -0.979972, -0.197618, 0.0245203, -0.193692, 0.917352, -0.347776, 0.046233, -0.34556, -0.937257, -0.0512848, 0.00861096, -0.0798759 )
mesh = ExtResource( 14 )

[node name="leaves_Plane007" type="MeshInstance" parent="foliage/leaves_Plane008"]
transform = Transform( 0.0218263, 0.000166744, 0.999762, 0.0216281, 0.999766, -0.000638967, -0.999528, 0.0216368, 0.0218176, 0.0586967, -0.0084722, -0.0283747 )
mesh = ExtResource( 14 )

[node name="leaves_Plane009" type="MeshInstance" parent="foliage"]
transform = Transform( 0.133483, -0.246359, -0.414113, 0.128179, 0.43238, -0.21591, 0.464491, -0.0485204, 0.178587, 0.0328341, 0.0883594, 0.0779114 )
mesh = ExtResource( 14 )

[node name="leaves_Plane007" type="MeshInstance" parent="foliage/leaves_Plane009"]
transform = Transform( -0.124171, 0.564797, 0.815834, -0.397934, 0.724839, -0.562367, -0.908972, -0.394478, 0.134748, -0.00712776, 0.106184, -0.0977478 )
mesh = ExtResource( 14 )

[node name="leaves_Plane008" type="MeshInstance" parent="foliage/leaves_Plane009"]
transform = Transform( -0.960786, -0.127256, -0.246367, 0.0950785, 0.683429, -0.723799, 0.260482, -0.71884, -0.644529, -0.0274467, 0.0834723, -0.121559 )
mesh = ExtResource( 14 )

[node name="leaves_Plane007" type="MeshInstance" parent="foliage/leaves_Plane009/leaves_Plane008"]
transform = Transform( 0.0870601, 0.613745, 0.78469, 0.207715, 0.759184, -0.616842, -0.974308, 0.216694, -0.0613892, -0.0261908, -0.00026989, -0.065033 )
mesh = ExtResource( 14 )

[node name="foliage" type="MeshInstance" parent="foliage"]
transform = Transform( 0.798378, -0.0493296, 0.0125899, 0.0503221, 0.794635, -0.077613, -0.00771971, 0.0782476, 0.796127, -7.02467, -0.0177221, 1.21726 )
mesh = ExtResource( 14 )
skeleton = NodePath("../tree")

[node name="leaves_Plane007" type="MeshInstance" parent="foliage/foliage"]
transform = Transform( -0.0897843, 0.399677, 0.912248, 0.0391475, 0.916656, -0.397755, -0.995192, 0, -0.0979477, 0.0649204, -0.000270844, -0.0310917 )
mesh = ExtResource( 14 )

[node name="leaves_Plane008" type="MeshInstance" parent="foliage/foliage"]
transform = Transform( -0.979972, -0.197618, 0.0245203, -0.193692, 0.917352, -0.347776, 0.046233, -0.34556, -0.937257, -0.0512848, 0.00861096, -0.0798759 )
mesh = ExtResource( 14 )

[node name="leaves_Plane007" type="MeshInstance" parent="foliage/foliage/leaves_Plane008"]
transform = Transform( 0.0218263, 0.000166744, 0.999762, 0.0216281, 0.999766, -0.000638967, -0.999528, 0.0216368, 0.0218176, 0.0586967, -0.0084722, -0.0283747 )
mesh = ExtResource( 14 )

[node name="leaves_Plane009" type="MeshInstance" parent="foliage/foliage"]
transform = Transform( 0.133483, -0.246359, -0.414113, 0.128179, 0.43238, -0.21591, 0.464491, -0.0485204, 0.178587, 0.0328341, 0.0883594, 0.0779114 )
mesh = ExtResource( 14 )

[node name="leaves_Plane007" type="MeshInstance" parent="foliage/foliage/leaves_Plane009"]
transform = Transform( -0.124171, 0.564797, 0.815834, -0.397934, 0.724839, -0.562367, -0.908972, -0.394478, 0.134748, -0.00712776, 0.106184, -0.0977478 )
mesh = ExtResource( 14 )

[node name="leaves_Plane008" type="MeshInstance" parent="foliage/foliage/leaves_Plane009"]
transform = Transform( -0.960786, -0.127256, -0.246367, 0.0950785, 0.683429, -0.723799, 0.260482, -0.71884, -0.644529, -0.0274467, 0.0834723, -0.121559 )
mesh = ExtResource( 14 )

[node name="leaves_Plane007" type="MeshInstance" parent="foliage/foliage/leaves_Plane009/leaves_Plane008"]
transform = Transform( 0.0870601, 0.613745, 0.78469, 0.207715, 0.759184, -0.616842, -0.974308, 0.216694, -0.0613892, -0.0261908, -0.00026989, -0.065033 )
mesh = ExtResource( 14 )

[node name="foliage" type="MeshInstance" parent="foliage/foliage"]
transform = Transform( 0.798273, -0.04511, 0.0269348, 0.0437864, 0.797871, 0.0385576, -0.0290373, -0.0370002, 0.798617, -8.71797, 2.44617, 0.534351 )
mesh = ExtResource( 14 )
skeleton = NodePath("../tree")

[node name="leaves_Plane007" type="MeshInstance" parent="foliage/foliage/foliage"]
transform = Transform( -0.0897843, 0.399677, 0.912248, 0.0391475, 0.916656, -0.397755, -0.995192, 0, -0.0979477, 0.0649204, -0.000270844, -0.0310917 )
mesh = ExtResource( 14 )

[node name="leaves_Plane008" type="MeshInstance" parent="foliage/foliage/foliage"]
transform = Transform( -0.979972, -0.197618, 0.0245203, -0.193692, 0.917352, -0.347776, 0.046233, -0.34556, -0.937257, -0.0512848, 0.00861096, -0.0798759 )
mesh = ExtResource( 14 )

[node name="leaves_Plane007" type="MeshInstance" parent="foliage/foliage/foliage/leaves_Plane008"]
transform = Transform( 0.0218263, 0.000166744, 0.999762, 0.0216281, 0.999766, -0.000638967, -0.999528, 0.0216368, 0.0218176, 0.0586967, -0.0084722, -0.0283747 )
mesh = ExtResource( 14 )

[node name="leaves_Plane009" type="MeshInstance" parent="foliage/foliage/foliage"]
transform = Transform( 0.133483, -0.246359, -0.414113, 0.128179, 0.43238, -0.21591, 0.464491, -0.0485204, 0.178587, 0.0328341, 0.0883594, 0.0779114 )
mesh = ExtResource( 14 )

[node name="leaves_Plane007" type="MeshInstance" parent="foliage/foliage/foliage/leaves_Plane009"]
transform = Transform( -0.124171, 0.564797, 0.815834, -0.397934, 0.724839, -0.562367, -0.908972, -0.394478, 0.134748, -0.00712776, 0.106184, -0.0977478 )
mesh = ExtResource( 14 )

[node name="leaves_Plane008" type="MeshInstance" parent="foliage/foliage/foliage/leaves_Plane009"]
transform = Transform( -0.960786, -0.127256, -0.246367, 0.0950785, 0.683429, -0.723799, 0.260482, -0.71884, -0.644529, -0.0274467, 0.0834723, -0.121559 )
mesh = ExtResource( 14 )

[node name="leaves_Plane007" type="MeshInstance" parent="foliage/foliage/foliage/leaves_Plane009/leaves_Plane008"]
transform = Transform( 0.0870601, 0.613745, 0.78469, 0.207715, 0.759184, -0.616842, -0.974308, 0.216694, -0.0613892, -0.0261908, -0.00026989, -0.065033 )
mesh = ExtResource( 14 )

[node name="tree" type="MeshInstance" parent="."]
transform = Transform( 1, 0, 0, 0, 1, 0, 0, 0, 1, 13.4915, 0.443529, -21.2528 )
mesh = ExtResource( 23 )

[node name="leaves_Plane007" type="MeshInstance" parent="tree"]
transform = Transform( 1.5, 0, 0, 0, 1.5, 0, 0, 0, 1.5, -0.000956535, 6.0216, -0.00381088 )
mesh = ExtResource( 14 )
skeleton = NodePath("../..")

[node name="leaves_Plane007" type="MeshInstance" parent="tree/leaves_Plane007"]
transform = Transform( -0.0979477, 0, 0.995192, 0, 1, 0, -0.995192, 0, -0.0979477, 0.0649199, -0.000270844, -0.0310917 )
mesh = ExtResource( 14 )

[node name="leaves_Plane008" type="MeshInstance" parent="tree/leaves_Plane007"]
transform = Transform( -0.998786, 0, -0.0492681, 0, 1, 0, 0.0492681, 0, -0.998786, -0.0512853, 0.0086112, -0.0798759 )
mesh = ExtResource( 14 )

[node name="leaves_Plane007" type="MeshInstance" parent="tree/leaves_Plane007/leaves_Plane008"]
transform = Transform( -0.0979477, 0, 0.995192, 0, 1, 0, -0.995192, 0, -0.0979477, 0.0649204, -0.000270844, -0.0310912 )
mesh = ExtResource( 14 )

[node name="leaves_Plane009" type="MeshInstance" parent="tree/leaves_Plane007"]
transform = Transform( 0.335628, -0.0718034, -0.36359, -0.0265316, 0.484613, -0.120195, 0.369662, 0.0999747, 0.321489, 0.0435719, 0.0425963, 0.0779114 )
mesh = ExtResource( 14 )

[node name="leaves_Plane007" type="MeshInstance" parent="tree/leaves_Plane007/leaves_Plane009"]
transform = Transform( -0.0597743, 0.471422, 0.879879, -0.0936987, 0.874914, -0.475127, -0.993805, -0.110844, -0.00812572, -0.0153608, 0.107045, -0.10091 )
mesh = ExtResource( 14 )

[node name="leaves_Plane008" type="MeshInstance" parent="tree/leaves_Plane007/leaves_Plane009"]
transform = Transform( -0.996388, -0.0546633, -0.0649837, -0.0322806, 0.951631, -0.305542, 0.0785424, -0.302341, -0.949958, -0.0512857, 0.0086112, -0.0798759 )
mesh = ExtResource( 14 )

[node name="leaves_Plane007" type="MeshInstance" parent="tree/leaves_Plane007/leaves_Plane009/leaves_Plane008"]
transform = Transform( 0.0870601, 0.613745, 0.78469, 0.207715, 0.759184, -0.616842, -0.974308, 0.216694, -0.0613892, -0.0261908, -0.00026989, -0.065033 )
mesh = ExtResource( 14 )

[node name="tree" type="MeshInstance" parent="tree"]
transform = Transform( 1, 0, 0, 0, 1, 0, 0, 0, 1, -27.4682, 0.443529, -0.722912 )
mesh = ExtResource( 23 )

[node name="leaves_Plane007" type="MeshInstance" parent="tree/tree"]
transform = Transform( 1.5, 0, 0, 0, 1.5, 0, 0, 0, 1.5, -0.000956535, 6.0216, -0.00381088 )
mesh = ExtResource( 14 )
skeleton = NodePath("../..")

[node name="leaves_Plane007" type="MeshInstance" parent="tree/tree/leaves_Plane007"]
transform = Transform( -0.0979477, 0, 0.995192, 0, 1, 0, -0.995192, 0, -0.0979477, 0.0649199, -0.000270844, -0.0310917 )
mesh = ExtResource( 14 )

[node name="leaves_Plane008" type="MeshInstance" parent="tree/tree/leaves_Plane007"]
transform = Transform( -0.998786, 0, -0.0492681, 0, 1, 0, 0.0492681, 0, -0.998786, -0.0512853, 0.0086112, -0.0798759 )
mesh = ExtResource( 14 )

[node name="leaves_Plane007" type="MeshInstance" parent="tree/tree/leaves_Plane007/leaves_Plane008"]
transform = Transform( -0.0979477, 0, 0.995192, 0, 1, 0, -0.995192, 0, -0.0979477, 0.0649204, -0.000270844, -0.0310912 )
mesh = ExtResource( 14 )

[node name="leaves_Plane009" type="MeshInstance" parent="tree/tree/leaves_Plane007"]
transform = Transform( 0.335628, -0.0718034, -0.36359, -0.0265316, 0.484613, -0.120195, 0.369662, 0.0999747, 0.321489, 0.0435719, 0.0425963, 0.0779114 )
mesh = ExtResource( 14 )

[node name="leaves_Plane007" type="MeshInstance" parent="tree/tree/leaves_Plane007/leaves_Plane009"]
transform = Transform( -0.0597743, 0.471422, 0.879879, -0.0936987, 0.874914, -0.475127, -0.993805, -0.110844, -0.00812572, -0.0153608, 0.107045, -0.10091 )
mesh = ExtResource( 14 )

[node name="leaves_Plane008" type="MeshInstance" parent="tree/tree/leaves_Plane007/leaves_Plane009"]
transform = Transform( -0.996388, -0.0546633, -0.0649837, -0.0322806, 0.951631, -0.305542, 0.0785424, -0.302341, -0.949958, -0.0512857, 0.0086112, -0.0798759 )
mesh = ExtResource( 14 )

[node name="leaves_Plane007" type="MeshInstance" parent="tree/tree/leaves_Plane007/leaves_Plane009/leaves_Plane008"]
transform = Transform( 0.0870601, 0.613745, 0.78469, 0.207715, 0.759184, -0.616842, -0.974308, 0.216694, -0.0613892, -0.0261908, -0.00026989, -0.065033 )
mesh = ExtResource( 14 )

[node name="tree3" type="MeshInstance" parent="tree"]
transform = Transform( 1, 0, 0, 0, 1, 0, 0, 0, 1, -18.0931, -0.00578022, 1.51989 )
mesh = ExtResource( 23 )
skeleton = NodePath("../tree2")

[node name="leaves_Plane007" type="MeshInstance" parent="tree/tree3"]
transform = Transform( 1.5, 0, 0, 0, 1.5, 0, 0, 0, 1.5, -0.000956535, 6.0216, -0.00381088 )
mesh = ExtResource( 14 )
skeleton = NodePath("../../tree2")

[node name="leaves_Plane007" type="MeshInstance" parent="tree/tree3/leaves_Plane007"]
transform = Transform( -0.0979477, 0, 0.995192, 0, 1, 0, -0.995192, 0, -0.0979477, 0.0649199, -0.000270844, -0.0310936 )
mesh = ExtResource( 14 )

[node name="leaves_Plane008" type="MeshInstance" parent="tree/tree3/leaves_Plane007"]
transform = Transform( -0.998786, 0, -0.0492681, 0, 1, 0, 0.0492681, 0, -0.998786, -0.0512853, 0.0086112, -0.0798759 )
mesh = ExtResource( 14 )

[node name="leaves_Plane007" type="MeshInstance" parent="tree/tree3/leaves_Plane007/leaves_Plane008"]
transform = Transform( -0.0979477, 0, 0.995192, 0, 1, 0, -0.995192, 0, -0.0979477, 0.0649204, -0.000270844, -0.0310912 )
mesh = ExtResource( 14 )

[node name="leaves_Plane009" type="MeshInstance" parent="tree/tree3/leaves_Plane007"]
transform = Transform( 0.335628, -0.0718034, -0.36359, -0.0265316, 0.484613, -0.120195, 0.369662, 0.0999747, 0.321489, 0.0435719, 0.0425963, 0.0779114 )
mesh = ExtResource( 14 )

[node name="leaves_Plane007" type="MeshInstance" parent="tree/tree3/leaves_Plane007/leaves_Plane009"]
transform = Transform( -0.0597743, 0.471422, 0.879879, -0.0936987, 0.874914, -0.475127, -0.993805, -0.110844, -0.00812572, -0.0153608, 0.107045, -0.10091 )
mesh = ExtResource( 14 )

[node name="leaves_Plane008" type="MeshInstance" parent="tree/tree3/leaves_Plane007/leaves_Plane009"]
transform = Transform( -0.996388, -0.0546633, -0.0649837, -0.0322806, 0.951631, -0.305542, 0.0785424, -0.302341, -0.949958, -0.0512857, 0.0086112, -0.0798759 )
mesh = ExtResource( 14 )

[node name="leaves_Plane007" type="MeshInstance" parent="tree/tree3/leaves_Plane007/leaves_Plane009/leaves_Plane008"]
transform = Transform( 0.0870601, 0.613745, 0.78469, 0.207715, 0.759184, -0.616842, -0.974308, 0.216694, -0.0613892, -0.0261908, -0.00026989, -0.065033 )
mesh = ExtResource( 14 )

[node name="tree4" type="MeshInstance" parent="tree"]
transform = Transform( 1, 0, 0, 0, 1, 0, 0, 0, 1, -5.52662, -0.0733891, 11.7248 )
mesh = ExtResource( 23 )
skeleton = NodePath("../tree2")

[node name="leaves_Plane007" type="MeshInstance" parent="tree/tree4"]
transform = Transform( 1.5, 0, 0, 0, 1.5, 0, 0, 0, 1.5, -0.000956535, 6.0216, -0.00381088 )
mesh = ExtResource( 14 )

[node name="leaves_Plane007" type="MeshInstance" parent="tree/tree4/leaves_Plane007"]
transform = Transform( -0.0979477, 0, 0.995192, 0, 1, 0, -0.995192, 0, -0.0979477, 0.0649199, -0.000270844, -0.0310917 )
mesh = ExtResource( 14 )

[node name="leaves_Plane008" type="MeshInstance" parent="tree/tree4/leaves_Plane007"]
transform = Transform( -0.998786, 0, -0.0492681, 0, 1, 0, 0.0492681, 0, -0.998786, -0.0512853, 0.0086112, -0.0798759 )
mesh = ExtResource( 14 )

[node name="leaves_Plane007" type="MeshInstance" parent="tree/tree4/leaves_Plane007/leaves_Plane008"]
transform = Transform( -0.0979477, 0, 0.995192, 0, 1, 0, -0.995192, 0, -0.0979477, 0.0649204, -0.000270844, -0.0310912 )
mesh = ExtResource( 14 )

[node name="leaves_Plane009" type="MeshInstance" parent="tree/tree4/leaves_Plane007"]
transform = Transform( 0.335628, -0.0718034, -0.36359, -0.0265316, 0.484613, -0.120195, 0.369662, 0.0999747, 0.321489, 0.0435719, 0.0425963, 0.0779114 )
mesh = ExtResource( 14 )

[node name="leaves_Plane007" type="MeshInstance" parent="tree/tree4/leaves_Plane007/leaves_Plane009"]
transform = Transform( -0.0597743, 0.471422, 0.879879, -0.0936987, 0.874914, -0.475127, -0.993805, -0.110844, -0.00812572, -0.0153608, 0.107045, -0.10091 )
mesh = ExtResource( 14 )

[node name="leaves_Plane008" type="MeshInstance" parent="tree/tree4/leaves_Plane007/leaves_Plane009"]
transform = Transform( -0.996388, -0.0546633, -0.0649837, -0.0322806, 0.951631, -0.305542, 0.0785424, -0.302341, -0.949958, -0.0512857, 0.0086112, -0.0798759 )
mesh = ExtResource( 14 )

[node name="leaves_Plane007" type="MeshInstance" parent="tree/tree4/leaves_Plane007/leaves_Plane009/leaves_Plane008"]
transform = Transform( 0.0870601, 0.613745, 0.78469, 0.207715, 0.759184, -0.616842, -0.974308, 0.216694, -0.0613892, -0.0261908, -0.00026989, -0.065033 )
mesh = ExtResource( 14 )

[node name="tree" type="MeshInstance" parent="tree/tree4"]
transform = Transform( 1, 0, 0, 0, 1, 0, 0, 0, 1, -18.5227, 0.139234, -11.9728 )
mesh = ExtResource( 23 )
skeleton = NodePath("../../tree4")

[node name="leaves_Plane007" type="MeshInstance" parent="tree/tree4/tree"]
transform = Transform( 1.5, 0, 0, 0, 1.5, 0, 0, 0, 1.5, -0.000956535, 6.0216, -0.00381088 )
mesh = ExtResource( 14 )
skeleton = NodePath("../../../tree4")

[node name="leaves_Plane007" type="MeshInstance" parent="tree/tree4/tree/leaves_Plane007"]
transform = Transform( -0.0979477, 0, 0.995192, 0, 1, 0, -0.995192, 0, -0.0979477, 0.0649199, -0.000270844, -0.0310917 )
mesh = ExtResource( 14 )

[node name="leaves_Plane008" type="MeshInstance" parent="tree/tree4/tree/leaves_Plane007"]
transform = Transform( -0.998786, 0, -0.0492681, 0, 1, 0, 0.0492681, 0, -0.998786, -0.0512853, 0.0086112, -0.0798759 )
mesh = ExtResource( 14 )

[node name="leaves_Plane007" type="MeshInstance" parent="tree/tree4/tree/leaves_Plane007/leaves_Plane008"]
transform = Transform( -0.0979477, 0, 0.995192, 0, 1, 0, -0.995192, 0, -0.0979477, 0.0649204, -0.000270844, -0.0310912 )
mesh = ExtResource( 14 )

[node name="leaves_Plane009" type="MeshInstance" parent="tree/tree4/tree/leaves_Plane007"]
transform = Transform( 0.335628, -0.0718034, -0.36359, -0.0265316, 0.484613, -0.120195, 0.369662, 0.0999747, 0.321489, 0.0435719, 0.0425963, 0.0779114 )
mesh = ExtResource( 14 )

[node name="leaves_Plane007" type="MeshInstance" parent="tree/tree4/tree/leaves_Plane007/leaves_Plane009"]
transform = Transform( -0.0597743, 0.471422, 0.879879, -0.0936987, 0.874914, -0.475127, -0.993805, -0.110844, -0.00812572, -0.0153608, 0.107045, -0.10091 )
mesh = ExtResource( 14 )

[node name="leaves_Plane008" type="MeshInstance" parent="tree/tree4/tree/leaves_Plane007/leaves_Plane009"]
transform = Transform( -0.996388, -0.0546633, -0.0649837, -0.0322806, 0.951631, -0.305542, 0.0785424, -0.302341, -0.949958, -0.0512857, 0.0086112, -0.0798759 )
mesh = ExtResource( 14 )

[node name="leaves_Plane007" type="MeshInstance" parent="tree/tree4/tree/leaves_Plane007/leaves_Plane009/leaves_Plane008"]
transform = Transform( 0.0870601, 0.613745, 0.78469, 0.207715, 0.759184, -0.616842, -0.974308, 0.216694, -0.0613892, -0.0261908, -0.00026989, -0.065033 )
mesh = ExtResource( 14 )

[node name="tree2" type="MeshInstance" parent="tree/tree4"]
transform = Transform( 1, 0, 0, 0, 1, 0, 0, 0, 1, 1.44159, -0.159153, -7.81654 )
mesh = ExtResource( 23 )
skeleton = NodePath("../../tree4")

[node name="leaves_Plane007" type="MeshInstance" parent="tree/tree4/tree2"]
transform = Transform( 1.5, 0, 0, 0, 1.5, 0, 0, 0, 1.5, -0.000956535, 6.0216, -0.00381088 )
mesh = ExtResource( 14 )
skeleton = NodePath("../../../tree4")

[node name="leaves_Plane007" type="MeshInstance" parent="tree/tree4/tree2/leaves_Plane007"]
transform = Transform( -0.0979477, 0, 0.995192, 0, 1, 0, -0.995192, 0, -0.0979477, 0.0649199, -0.000270844, -0.0310917 )
mesh = ExtResource( 14 )

[node name="leaves_Plane008" type="MeshInstance" parent="tree/tree4/tree2/leaves_Plane007"]
transform = Transform( -0.998786, 0, -0.0492681, 0, 1, 0, 0.0492681, 0, -0.998786, -0.0512853, 0.0086112, -0.0798759 )
mesh = ExtResource( 14 )

[node name="leaves_Plane007" type="MeshInstance" parent="tree/tree4/tree2/leaves_Plane007/leaves_Plane008"]
transform = Transform( -0.0979477, 0, 0.995192, 0, 1, 0, -0.995192, 0, -0.0979477, 0.0649204, -0.000270844, -0.0310912 )
mesh = ExtResource( 14 )

[node name="leaves_Plane009" type="MeshInstance" parent="tree/tree4/tree2/leaves_Plane007"]
transform = Transform( 0.335628, -0.0718034, -0.36359, -0.0265316, 0.484613, -0.120195, 0.369662, 0.0999747, 0.321489, 0.0435719, 0.0425963, 0.0779114 )
mesh = ExtResource( 14 )

[node name="leaves_Plane007" type="MeshInstance" parent="tree/tree4/tree2/leaves_Plane007/leaves_Plane009"]
transform = Transform( -0.0597743, 0.471422, 0.879879, -0.0936987, 0.874914, -0.475127, -0.993805, -0.110844, -0.00812572, -0.0153608, 0.107045, -0.10091 )
mesh = ExtResource( 14 )

[node name="leaves_Plane008" type="MeshInstance" parent="tree/tree4/tree2/leaves_Plane007/leaves_Plane009"]
transform = Transform( -0.996388, -0.0546633, -0.0649837, -0.0322806, 0.951631, -0.305542, 0.0785424, -0.302341, -0.949958, -0.0512857, 0.0086112, -0.0798759 )
mesh = ExtResource( 14 )

[node name="leaves_Plane007" type="MeshInstance" parent="tree/tree4/tree2/leaves_Plane007/leaves_Plane009/leaves_Plane008"]
transform = Transform( 0.0870601, 0.613745, 0.78469, 0.207715, 0.759184, -0.616842, -0.974308, 0.216694, -0.0613892, -0.0261908, -0.00026989, -0.065033 )
mesh = ExtResource( 14 )

[node name="tree" type="MeshInstance" parent="tree/tree4/tree2"]
transform = Transform( 1, 0, 0, 0, 1, 0, 0, 0, 1, -16.352, 0.0282884, 3.81515 )
mesh = ExtResource( 23 )

[node name="leaves_Plane007" type="MeshInstance" parent="tree/tree4/tree2/tree"]
transform = Transform( 1.5, 0, 0, 0, 1.5, 0, 0, 0, 1.5, -0.000956535, 6.0216, -0.00381088 )
mesh = ExtResource( 14 )
skeleton = NodePath("../..")

[node name="leaves_Plane007" type="MeshInstance" parent="tree/tree4/tree2/tree/leaves_Plane007"]
transform = Transform( -0.0979477, 0, 0.995192, 0, 1, 0, -0.995192, 0, -0.0979477, 0.0649199, -0.000270844, -0.0310917 )
mesh = ExtResource( 14 )

[node name="leaves_Plane008" type="MeshInstance" parent="tree/tree4/tree2/tree/leaves_Plane007"]
transform = Transform( -0.998786, 0, -0.0492681, 0, 1, 0, 0.0492681, 0, -0.998786, -0.0512853, 0.0086112, -0.0798759 )
mesh = ExtResource( 14 )

[node name="leaves_Plane007" type="MeshInstance" parent="tree/tree4/tree2/tree/leaves_Plane007/leaves_Plane008"]
transform = Transform( -0.0979477, 0, 0.995192, 0, 1, 0, -0.995192, 0, -0.0979477, 0.0649204, -0.000270844, -0.0310912 )
mesh = ExtResource( 14 )

[node name="leaves_Plane009" type="MeshInstance" parent="tree/tree4/tree2/tree/leaves_Plane007"]
transform = Transform( 0.335628, -0.0718034, -0.36359, -0.0265316, 0.484613, -0.120195, 0.369662, 0.0999747, 0.321489, 0.0435719, 0.0425963, 0.0779114 )
mesh = ExtResource( 14 )

[node name="leaves_Plane007" type="MeshInstance" parent="tree/tree4/tree2/tree/leaves_Plane007/leaves_Plane009"]
transform = Transform( -0.0597743, 0.471422, 0.879879, -0.0936987, 0.874914, -0.475127, -0.993805, -0.110844, -0.00812572, -0.0153608, 0.107045, -0.10091 )
mesh = ExtResource( 14 )

[node name="leaves_Plane008" type="MeshInstance" parent="tree/tree4/tree2/tree/leaves_Plane007/leaves_Plane009"]
transform = Transform( -0.996388, -0.0546633, -0.0649837, -0.0322806, 0.951631, -0.305542, 0.0785424, -0.302341, -0.949958, -0.0512857, 0.0086112, -0.0798759 )
mesh = ExtResource( 14 )

[node name="leaves_Plane007" type="MeshInstance" parent="tree/tree4/tree2/tree/leaves_Plane007/leaves_Plane009/leaves_Plane008"]
transform = Transform( 0.0870601, 0.613745, 0.78469, 0.207715, 0.759184, -0.616842, -0.974308, 0.216694, -0.0613892, -0.0261908, -0.00026989, -0.065033 )
mesh = ExtResource( 14 )

[node name="tree2" type="MeshInstance" parent="tree"]
transform = Transform( 1, 0, 0, 0, 1, 0, 0, 0, 1, -11.3311, -0.87745, 3.9471 )
mesh = ExtResource( 23 )

[node name="leaves_Plane007" type="MeshInstance" parent="tree/tree2"]
transform = Transform( 1.5, 0, 0, 0, 1.5, 0, 0, 0, 1.5, -0.000956535, 6.0216, -0.00381088 )
mesh = ExtResource( 14 )
skeleton = NodePath("../..")

[node name="leaves_Plane007" type="MeshInstance" parent="tree/tree2/leaves_Plane007"]
transform = Transform( -0.0979477, 0, 0.995192, 0, 1, 0, -0.995192, 0, -0.0979477, 0.0649199, -0.000270844, -0.0310917 )
mesh = ExtResource( 14 )

[node name="leaves_Plane008" type="MeshInstance" parent="tree/tree2/leaves_Plane007"]
transform = Transform( -0.998786, 0, -0.0492681, 0, 1, 0, 0.0492681, 0, -0.998786, -0.0512853, 0.0086112, -0.0798759 )
mesh = ExtResource( 14 )

[node name="leaves_Plane007" type="MeshInstance" parent="tree/tree2/leaves_Plane007/leaves_Plane008"]
transform = Transform( -0.0979477, 0, 0.995192, 0, 1, 0, -0.995192, 0, -0.0979477, 0.0649204, -0.000270844, -0.0310912 )
mesh = ExtResource( 14 )

[node name="leaves_Plane009" type="MeshInstance" parent="tree/tree2/leaves_Plane007"]
transform = Transform( 0.335628, -0.0718034, -0.36359, -0.0265316, 0.484613, -0.120195, 0.369662, 0.0999747, 0.321489, 0.0435719, 0.0425963, 0.0779114 )
mesh = ExtResource( 14 )

[node name="leaves_Plane007" type="MeshInstance" parent="tree/tree2/leaves_Plane007/leaves_Plane009"]
transform = Transform( -0.0597743, 0.471422, 0.879879, -0.0936987, 0.874914, -0.475127, -0.993805, -0.110844, -0.00812572, -0.0153608, 0.107045, -0.10091 )
mesh = ExtResource( 14 )

[node name="leaves_Plane008" type="MeshInstance" parent="tree/tree2/leaves_Plane007/leaves_Plane009"]
transform = Transform( -0.996388, -0.0546633, -0.0649837, -0.0322806, 0.951631, -0.305542, 0.0785424, -0.302341, -0.949958, -0.0512857, 0.0086112, -0.0798759 )
mesh = ExtResource( 14 )

[node name="leaves_Plane007" type="MeshInstance" parent="tree/tree2/leaves_Plane007/leaves_Plane009/leaves_Plane008"]
transform = Transform( 0.0870601, 0.613745, 0.78469, 0.207715, 0.759184, -0.616842, -0.974308, 0.216694, -0.0613892, -0.0261908, -0.00026989, -0.065033 )
mesh = ExtResource( 14 )

[editable path="FPController"]
