[gd_scene load_steps=63 format=2]

[ext_resource path="res://addons/godot-xr-tools/functions/movement_turn.tscn" type="PackedScene" id=1]
[ext_resource path="res://DonaldoScenes/ruins4Godot_Plane010.mesh" type="ArrayMesh" id=2]
[ext_resource path="res://addons/godot-xr-tools/functions/function_pointer.tscn" type="PackedScene" id=3]
[ext_resource path="res://addons/godot-xr-tools/player/player_body.tscn" type="PackedScene" id=4]
[ext_resource path="res://Scenes/UI.tscn" type="PackedScene" id=5]
[ext_resource path="res://addons/godot-xr-tools/functions/movement_direct.tscn" type="PackedScene" id=6]
[ext_resource path="res://addons/godot-xr-tools/functions/function_teleport.tscn" type="PackedScene" id=7]
[ext_resource path="res://addons/godot-xr-tools/objects/viewport_2d_in_3d.tscn" type="PackedScene" id=8]
[ext_resource path="res://DonaldoScenes/torch.glb" type="PackedScene" id=9]
[ext_resource path="res://addons/godot-openxr/scenes/first_person_controller_vr.tscn" type="PackedScene" id=10]
[ext_resource path="res://addons/godot-xr-tools/functions/function_pickup.tscn" type="PackedScene" id=11]
[ext_resource path="res://DonaldoScenes/ruins4Godot.tscn" type="PackedScene" id=12]
[ext_resource path="res://DonaldoScenes/ruins4Godot_Cube001.mesh" type="ArrayMesh" id=13]
[ext_resource path="res://DonaldoScenes/leaves_Plane007.mesh" type="ArrayMesh" id=14]
[ext_resource path="res://DonaldoScenes/ruins4Godot_Cube.mesh" type="ArrayMesh" id=15]
[ext_resource path="res://DonaldoScenes/ruins4Godot_Plane005.mesh" type="ArrayMesh" id=16]
[ext_resource path="res://DonaldoScenes/ruins4Godot_Plane003.mesh" type="ArrayMesh" id=17]
[ext_resource path="res://DonaldoScenes/ruins4Godot_Plane002.mesh" type="ArrayMesh" id=18]
[ext_resource path="res://Scenes/DonaldoScene/ruins4Godot_Plane.mesh" type="ArrayMesh" id=19]
[ext_resource path="res://DonaldoScenes/ruins4Godot_Plane004.mesh" type="ArrayMesh" id=20]
[ext_resource path="res://DonaldoScenes/ruins4Godot_Plane006.mesh" type="ArrayMesh" id=21]
[ext_resource path="res://DonaldoScenes/ruins4Godot_Cube003.mesh" type="ArrayMesh" id=22]
[ext_resource path="res://DonaldoScenes/ruins4Godot_Cylinder.mesh" type="ArrayMesh" id=23]
[ext_resource path="res://Scenes/New_enviroment.tres" type="Environment" id=24]
[ext_resource path="res://DonaldoScenes/Fire.tres" type="Gradient" id=25]
[ext_resource path="res://DonaldoScenes/Flame.png" type="Texture" id=26]
[ext_resource path="res://DonaldoScenes/Pickable.tscn" type="PackedScene" id=27]
[ext_resource path="res://addons/godot-xr-tools/hands/scenes/lowpoly/left_hand_low.tscn" type="PackedScene" id=28]
[ext_resource path="res://addons/godot-xr-tools/hands/scenes/lowpoly/right_hand_low.tscn" type="PackedScene" id=29]
[ext_resource path="res://DonaldoScenes/treesFinals.glb" type="PackedScene" id=30]
[ext_resource path="res://DonaldoScenes/ruins4Godot_Cube002.mesh" type="ArrayMesh" id=31]
[ext_resource path="res://DonaldoScenes/smallboat.tscn" type="PackedScene" id=32]
[ext_resource path="res://DonaldoScenes/tex_Water.jpg" type="Texture" id=33]
[ext_resource path="res://DonaldoScenes/smallboat_Plane006.mesh" type="ArrayMesh" id=34]

[sub_resource type="BoxShape" id=24]
extents = Vector3( 1.19222, 1, 1.05381 )

[sub_resource type="BoxShape" id=25]
extents = Vector3( 1.16794, 1, 1 )

[sub_resource type="BoxShape" id=26]
extents = Vector3( 0.677054, 0.513519, 0.670381 )

[sub_resource type="BoxShape" id=30]
extents = Vector3( 0.178745, 1.23391, 0.179839 )

[sub_resource type="BoxShape" id=20]
extents = Vector3( 0.275062, 0.781234, 0.204185 )

[sub_resource type="BoxShape" id=31]
extents = Vector3( 0.280015, 1, 0.224844 )

[sub_resource type="BoxShape" id=27]
extents = Vector3( 0.357409, 0.541508, 1.27589 )

[sub_resource type="BoxShape" id=28]
extents = Vector3( 0.340102, 0.322486, 1.28355 )

[sub_resource type="BoxShape" id=36]
extents = Vector3( 1, 0.395335, 2 )

[sub_resource type="Curve3D" id=37]
_data = {
"points": PoolVector3Array( 0, 0, 0, 0, 0, 0, 0.28434, -0.588896, 0.0967941, 0, 0, 0, 0, 0, 0, 2.34941, -0.588889, 12.1789, 0, 0, 0, 0, 0, 0, 6.5206, -0.588899, 27.7637 ),
"tilts": PoolRealArray( 0, 0, 0 )
}

[sub_resource type="Animation" id=38]
length = 20.0
tracks/0/type = "value"
tracks/0/path = NodePath("Path/PathFollow:unit_offset")
tracks/0/interp = 1
tracks/0/loop_wrap = true
tracks/0/imported = false
tracks/0/enabled = true
tracks/0/keys = {
"times": PoolRealArray( 0 ),
"transitions": PoolRealArray( 1 ),
"update": 0,
"values": [ 0.0 ]
}

[sub_resource type="Animation" id=39]
resource_name = "Starting_GameBoat"
length = 15.0
tracks/0/type = "value"
tracks/0/path = NodePath("Path/PathFollow:unit_offset")
tracks/0/interp = 1
tracks/0/loop_wrap = true
tracks/0/imported = false
tracks/0/enabled = true
tracks/0/keys = {
"times": PoolRealArray( 0, 14.9 ),
"transitions": PoolRealArray( 1, 1 ),
"update": 0,
"values": [ 0.0, 1.0 ]
}

[sub_resource type="BoxShape" id=29]
extents = Vector3( 0.648972, 1.66192, 0.636558 )

[sub_resource type="BoxShape" id=32]
extents = Vector3( 0.663498, 1, 0.654892 )

[sub_resource type="BoxShape" id=33]
extents = Vector3( 1, 0.458741, 1 )

[sub_resource type="BoxShape" id=34]
extents = Vector3( 0.221127, 2.73759, 0.168882 )

[sub_resource type="BoxShape" id=1]
extents = Vector3( 11.9018, 1, 32.4807 )

[sub_resource type="BoxShape" id=13]
extents = Vector3( 8.91152, 0.140304, 4.25755 )

[sub_resource type="BoxShape" id=21]
extents = Vector3( 7.06979, 0.860509, 24.533 )

[sub_resource type="BoxShape" id=22]
extents = Vector3( 2.65932, 0.357479, 2.30843 )

[sub_resource type="GradientTexture" id=14]
gradient = ExtResource( 25 )

[sub_resource type="Curve" id=15]
_data = [ Vector2( 0.00221239, 0.017455 ), 0.0, 0.0, 0, 0, Vector2( 0.201327, 0.994933 ), 0.0, 0.0, 0, 0, Vector2( 1, 0 ), 0.0, 0.0, 0, 0 ]

[sub_resource type="CurveTexture" id=16]
curve = SubResource( 15 )

[sub_resource type="ParticlesMaterial" id=17]
trail_divisor = 7
emission_shape = 1
emission_sphere_radius = 0.4
direction = Vector3( 0, 1, 0 )
spread = 0.0
gravity = Vector3( 0, 0, 0 )
initial_velocity = 5.0
initial_velocity_random = 0.1
angular_velocity = 40.0
angular_velocity_random = 1.0
linear_accel = 4.0
linear_accel_random = 1.0
angle = 360.0
angle_random = 1.0
scale = 0.0
scale_random = 0.8
scale_curve = SubResource( 16 )
color_ramp = SubResource( 14 )
hue_variation = -0.01
hue_variation_random = 1.0
anim_speed = 1.0
anim_offset = 1.0
anim_offset_random = 1.0

[sub_resource type="SpatialMaterial" id=18]
flags_transparent = true
flags_unshaded = true
vertex_color_use_as_albedo = true
params_blend_mode = 1
params_billboard_mode = 3
particles_anim_h_frames = 1
particles_anim_v_frames = 1
particles_anim_loop = true
albedo_texture = ExtResource( 26 )

[sub_resource type="QuadMesh" id=19]
material = SubResource( 18 )

[sub_resource type="SpatialMaterial" id=35]
flags_transparent = true
albedo_color = Color( 0.101961, 0.690196, 0.788235, 0.654902 )
roughness = 0.0
normal_enabled = true
normal_scale = 1.0
normal_texture = ExtResource( 33 )
refraction_enabled = true
refraction_scale = 0.05
refraction_texture = ExtResource( 33 )
refraction_texture_channel = 0
uv1_scale = Vector3( 5, 10, 1 )

[sub_resource type="BoxShape" id=23]
extents = Vector3( 1.03586, 0.246713, 4.04073 )

[node name="Menu" type="Node"]

[node name="rock" type="MeshInstance" parent="."]
transform = Transform( 1, 0, 0, 0, 1, 0, 0, 0, 1, 14.7762, 1.05787, -13.0762 )
mesh = ExtResource( 22 )

[node name="rock" type="MeshInstance" parent="rock"]
transform = Transform( 0.5, 0, 0, 0, 0.5, 0, 0, 0, 0.5, -6.96051, 0.155448, -6.32618 )
mesh = ExtResource( 22 )

[node name="rock" type="MeshInstance" parent="rock/rock"]
transform = Transform( 0.5, 0, 0, 0, 0.5, 0, 0, 0, 0.5, -3.64355, -0.465258, -4.79707 )
mesh = ExtResource( 22 )

[node name="StaticBody" type="StaticBody" parent="rock/rock"]

[node name="CollisionShape" type="CollisionShape" parent="rock/rock/StaticBody"]
transform = Transform( 1, 0, 0, 0, 1, 0, 0, 0, 1, -0.13652, -0.249335, 0.0447655 )
shape = SubResource( 24 )

[node name="StaticBody" type="StaticBody" parent="rock"]

[node name="CollisionShape" type="CollisionShape" parent="rock/StaticBody"]
transform = Transform( 1, 0, 0, 0, 1, 0, 0, 0, 1, -0.397217, -0.401423, 0.389136 )
shape = SubResource( 25 )

[node name="rock2" type="MeshInstance" parent="."]
transform = Transform( 1, 0, 0, 0, 1, 0, 0, 0, 1, -8.87889, -0.205942, -18.5006 )
mesh = ExtResource( 15 )

[node name="StaticBody" type="StaticBody" parent="rock2"]

[node name="CollisionShape" type="CollisionShape" parent="rock2/StaticBody"]
transform = Transform( 1, 0, 0, 0, 1, 0, 0, 0, 1, 0, 1.74893, 0 )
shape = SubResource( 26 )

[node name="stairs" type="MeshInstance" parent="."]
transform = Transform( 2, 0, 0, 0, 1, 0, 0, 0, 2, -0.549932, -0.642592, -15.9371 )
mesh = ExtResource( 18 )

[node name="pillar" type="MeshInstance" parent="."]
transform = Transform( 2, 0, 0, 0, 2, 0, 0, 0, 2, 5.13278, 0.442902, -7.7103 )
mesh = ExtResource( 17 )

[node name="StaticBody" type="StaticBody" parent="pillar"]

[node name="CollisionShape" type="CollisionShape" parent="pillar/StaticBody"]
transform = Transform( 1, 0, 0, 0, 1, 0, 0, 0, 1, 0, 0.442652, 0 )
shape = SubResource( 30 )

[node name="stone" type="MeshInstance" parent="."]
transform = Transform( 0.0156788, -0.439738, 0.897989, 0.999365, 0.0356322, 0, -0.0319973, 0.897419, 0.440018, -26.7965, 1.20748, -35.0632 )
mesh = ExtResource( 20 )

[node name="StaticBody" type="StaticBody" parent="stone"]
transform = Transform( 1, 1.11759e-08, 0, -1.11759e-08, 1, 0, 0, 0, 1, 0, 0, 0 )

[node name="CollisionShape" type="CollisionShape" parent="stone/StaticBody"]
transform = Transform( 1, 1.49012e-08, 0, -1.49012e-08, 1, 0, 0, 0, 1, 0.0842718, 0.677073, 0 )
shape = SubResource( 20 )

[node name="pillar2" type="MeshInstance" parent="."]
transform = Transform( 2, 0, 0, 0, 2, 0, 0, 0, 2, -2.78345, 0.442909, -7.09643 )
mesh = ExtResource( 16 )

[node name="StaticBody" type="StaticBody" parent="pillar2"]

[node name="CollisionShape" type="CollisionShape" parent="pillar2/StaticBody"]
transform = Transform( 1, 0, 0, 0, 1, 0, 0, 0, 1, 0.191411, 0.437739, 0.101856 )
shape = SubResource( 31 )

[node name="pillar3" type="MeshInstance" parent="."]
transform = Transform( -0.571878, 0, -2.87474, 0, 2, 0, 1.9165, 0, -0.857818, 6.38179, 0.413944, -21.9104 )
mesh = ExtResource( 21 )

[node name="pillar3" type="MeshInstance" parent="pillar3"]
transform = Transform( 0.552949, 0, -1.75543, 0, 1, 0, 0.713209, 0, 1.35277, 4.56588, 0.131847, 7.06184 )
mesh = ExtResource( 21 )

[node name="StaticBody" type="StaticBody" parent="pillar3/pillar3"]
transform = Transform( 1, 0, 0, 0, 1, 0, 1.49012e-08, 0, 1, -0.100005, 0, 0.0106621 )

[node name="CollisionShape" type="CollisionShape" parent="pillar3/pillar3/StaticBody"]
transform = Transform( 1, 0, 0, 0, 1, 0, 7.45058e-09, 0, 1, 0.177855, 0, -0.948219 )
shape = SubResource( 27 )

[node name="StaticBody" type="StaticBody" parent="pillar3"]

[node name="CollisionShape" type="CollisionShape" parent="pillar3/StaticBody"]
transform = Transform( 1, 0, -2.98023e-08, 0, 1, 0, 0, 0, 1, 0.0336905, 0.12035, -0.942502 )
shape = SubResource( 28 )

[node name="StartBOAT" parent="pillar3" instance=ExtResource( 32 )]
transform = Transform( -0.941634, 0, 0.233011, 0, 0.75, 0, 0.0945586, 0, -0.620765, -6.5127, 0.2347, 45.4777 )

[node name="KinematicBody" type="KinematicBody" parent="pillar3/StartBOAT"]
transform = Transform( -0.959257, -0.00691764, 0.282431, -0.0140979, 0.999628, -0.0233991, -0.282164, -0.0264275, -0.958996, -0.357758, -0.595901, 0.197556 )

[node name="MeshInstance" type="MeshInstance" parent="pillar3/StartBOAT/KinematicBody"]
transform = Transform( 1, 1.81899e-10, 1.78814e-07, 2.45564e-11, 0.999999, 7.9126e-11, 1.19209e-07, 0, 1, 3.33355, -0.0826763, -0.559395 )
mesh = ExtResource( 34 )

[node name="CollisionShape" type="CollisionShape" parent="pillar3/StartBOAT/KinematicBody"]
transform = Transform( 5.98981, 0.00254898, 18.7797, -0.000648059, 1, 0.00157665, -6.10793, 9.80926e-05, -5.11749, 1.14796, 0.898135, 1.64279 )
shape = SubResource( 36 )

[node name="Path" type="Path" parent="pillar3/StartBOAT"]
transform = Transform( 1, 2.11071e-12, 8.9407e-08, -4.85064e-12, 1, 0, -7.45058e-08, 4.06538e-12, 1, -0.642097, -0.00700521, 0.100761 )
curve = SubResource( 37 )

[node name="PathFollow" type="PathFollow" parent="pillar3/StartBOAT/Path"]
transform = Transform( -0.959257, -0.00691764, 0.282431, -0.0140979, 0.999628, -0.0233991, -0.282164, -0.0264275, -0.958996, 0.28434, -0.588896, 0.0967941 )

[node name="RemoteTransform" type="RemoteTransform" parent="pillar3/StartBOAT/Path/PathFollow"]
remote_path = NodePath("../../../KinematicBody")

[node name="AnimationPlayer" type="AnimationPlayer" parent="pillar3"]
root_node = NodePath("../StartBOAT")
autoplay = "Starting_GameBoat"
anims/RESET = SubResource( 38 )
anims/Starting_GameBoat = SubResource( 39 )

[node name="Stone" type="MeshInstance" parent="."]
transform = Transform( -0.0167548, 0, 1.49991, 0, 1.5, 0, -1.49991, 0, -0.0167548, 15.6297, 0.442934, -7.24168 )
mesh = ExtResource( 13 )
skeleton = NodePath("../Ground/ruinsWcolor")

[node name="StaticBody" type="StaticBody" parent="Stone"]

[node name="CollisionShape" type="CollisionShape" parent="Stone/StaticBody"]
transform = Transform( 1, 0, 0, 0, 1, 0, 0, 0, 1, 0.0150318, 0.565162, 0.0716295 )
shape = SubResource( 29 )

[node name="Ground" type="StaticBody" parent="."]
transform = Transform( 1, 0, 0, 0, 1, 0, 0, 0, 1, 0, -28, 0 )
collision_layer = 524290

[node name="ruinsWcolor" parent="Ground" instance=ExtResource( 12 )]
transform = Transform( -0.0335095, 0, 2.99981, 0, 3, 0, -2.99981, 0, -0.0335095, 0.181918, 28.5606, 9.06987 )

[node name="SB_Rocks" type="StaticBody" parent="Ground/ruinsWcolor"]

[node name="CollisionShape" type="CollisionShape" parent="Ground/ruinsWcolor/SB_Rocks"]
transform = Transform( 0.885542, 0, 0.464565, 0, 1, 0, -0.464565, 0, 0.885542, 2.22102, -0.454399, 2.94533 )
shape = SubResource( 32 )

[node name="StaticBody" type="StaticBody" parent="Ground/ruinsWcolor"]

[node name="CollisionShape" type="CollisionShape" parent="Ground/ruinsWcolor/StaticBody"]
transform = Transform( 0.885948, 0, 0.463792, 0, 1, 0, -0.463792, 0, 0.885948, -3.19386, 0.436472, 3.33534 )
shape = SubResource( 33 )

[node name="SB_Tree" type="StaticBody" parent="Ground/ruinsWcolor"]
transform = Transform( 1, 0, 0, 0, 1, 0, 0, 0, 1, -2.28162, -1.33492, 2.13663 )

[node name="CollisionShape" type="CollisionShape" parent="Ground/ruinsWcolor/SB_Tree"]
transform = Transform( 1, 0, 0, 0, 1, 0, 0, 0, 1, 0, 2.8804, 0 )
shape = SubResource( 34 )

[node name="CollisionShape" type="CollisionShape" parent="Ground"]
transform = Transform( 0.499921, 0, 0, 0, 1, 0, 0, 0, 0.826773, 9.6372, 27.8313, 3.12245 )
shape = SubResource( 1 )

[node name="Stairs" type="Spatial" parent="Ground"]

[node name="StaticBody" type="StaticBody" parent="Ground/Stairs"]
transform = Transform( 1, 0, 0, 0, 1, 0, 0, 0, 1, 0, 30.0448, 0 )

[node name="CollisionShape" type="CollisionShape" parent="Ground/Stairs/StaticBody"]
transform = Transform( 0.342, 0, 0, 0, 1, 0, 0, 0, 0.413, 0.603293, -1.74877, -1.25368 )
shape = SubResource( 13 )

[node name="StaticBody2" type="StaticBody" parent="Ground/Stairs"]
transform = Transform( 1, 0, 0, 0, 1, 0, 0, 0, 1, 0, 30.0448, 0 )

[node name="CollisionShape" type="CollisionShape" parent="Ground/Stairs/StaticBody2"]
transform = Transform( 0.342, 0, 0, 0, 1, 0, 0, 0, 0.413, 0.603293, -1.0096, -3.63498 )
shape = SubResource( 13 )

[node name="StaticBody3" type="StaticBody" parent="Ground/Stairs"]
transform = Transform( 1, 0, 0, 0, 1, 0, 0, 0, 1, 0, 30.0448, 0 )

[node name="CollisionShape" type="CollisionShape" parent="Ground/Stairs/StaticBody3"]
transform = Transform( 0.342, 0, 0, 0, 1, 0, 0, 0, 0.413, 0.665326, 0.959805, 0.0318407 )
shape = SubResource( 13 )

[node name="Ruins Top" type="Spatial" parent="Ground"]

[node name="Floor2" type="StaticBody" parent="Ground/Ruins Top"]
transform = Transform( 1, 0, 0, 0, 1, 0, 0, 0, 1, 0, 30.0448, 0 )

[node name="CollisionShape" type="CollisionShape" parent="Ground/Ruins Top/Floor2"]
transform = Transform( 1, 0, 0, 0, 1, 0, 0, 0, 1, -3.19287, 3.85877, 18.0751 )
shape = SubResource( 13 )

[node name="CollisionShape2" type="CollisionShape" parent="Ground/Ruins Top/Floor2"]
transform = Transform( 1, 0, 0, 0, 1, 0, 0, 0, 1, -3.04955, 4.25638, 9.93895 )
shape = SubResource( 13 )

[node name="Floor" type="StaticBody" parent="Ground/Ruins Top"]
transform = Transform( 1, 0, 0, 0, 1, 0, 0, 0, 1, 0, 30.0448, 0 )

[node name="CollisionShape" type="CollisionShape" parent="Ground/Ruins Top/Floor"]
transform = Transform( 0.517, 0, 0, 0, 1.395, 0, 0, 0, 0.542, 0.291323, 3.3373, 3.79087 )
shape = SubResource( 13 )

[node name="CollisionShapeRight" type="CollisionShape" parent="Ground/Ruins Top/Floor"]
transform = Transform( 1, 0, 0, 0, 1, 0, 0, 0, 1, -8.47635, -2.00504, 0 )
shape = SubResource( 21 )

[node name="CollisionShape2" type="CollisionShape" parent="Ground/Ruins Top/Floor"]
transform = Transform( 1, 0, 0, 0, 1, 0, 0, 0, 1, 1.03942, -1.57847, -4.39008 )
shape = SubResource( 22 )

[node name="CollisionShape3" type="CollisionShape" parent="Ground/Ruins Top/Floor"]
transform = Transform( 10, 0, 0, 0, 1, 0, 0, 0, 25, -42.1985, -1.578, -5.67596 )
shape = SubResource( 22 )

[node name="CollisionShape4" type="CollisionShape" parent="Ground/Ruins Top/Floor"]
transform = Transform( 10, 0, 0, 0, 1, 0, 0, 0, 25, 42.4554, -1.578, 9.48814 )
visible = false
shape = SubResource( 22 )

[node name="WallCollision" type="CollisionShape" parent="Ground/Ruins Top/Floor"]
transform = Transform( 0.517, 0, 0, 0, -0.0288982, 0.541884, 0, -1.3947, -0.0112278, 0.120461, 0.364967, 6.72058 )
shape = SubResource( 13 )

[node name="WallCollision2" type="CollisionShape" parent="Ground/Ruins Top/Floor"]
transform = Transform( 0.514642, -0.133046, -0.00107107, 0, -0.0288982, 0.541884, -0.0493187, -1.38834, -0.0111766, 0.0747643, 0.535033, 13.7141 )
shape = SubResource( 13 )

[node name="WallCollision3" type="CollisionShape" parent="Ground/Ruins Top/Floor"]
transform = Transform( -0.035551, -1.3914, -0.0112013, 0, -0.0288982, 0.541884, -0.515776, 0.0959052, 0.000772072, -5.17124, 0.364967, 10.0389 )
shape = SubResource( 13 )

[node name="FPController" parent="." instance=ExtResource( 10 )]
transform = Transform( 0.970262, -7.13562e-05, -0.242058, 0.000199253, 1, 0.000503961, 0.242058, -0.000537203, 0.970262, -122.964, 2.95176, -65.6507 )

[node name="ARVRCamera" parent="FPController" index="1"]
environment = ExtResource( 24 )
far = 1000.0

[node name="LeftHandController" parent="FPController" index="2"]
transform = Transform( 1, -4.36557e-11, 0, 2.91038e-11, 1, 0, -2.98023e-08, -1.16415e-10, 1, -0.312714, 0.119709, 0.200253 )
visible = true

[node name="FunctionTeleport" parent="FPController/LeftHandController" index="0" instance=ExtResource( 7 )]
transform = Transform( 0.986496, 0.0582533, 0.153081, -0.0200407, 0.970521, -0.240173, -0.16256, 0.233862, 0.958584, 0.622086, -0.374712, -1.07076 )
max_slope = 1.0

[node name="MovementDirect" parent="FPController/LeftHandController" index="1" instance=ExtResource( 6 )]
enabled = true
order = 10
max_speed = 10.0
strafe = true

[node name="FunctionPickup" parent="FPController/LeftHandController" index="2" instance=ExtResource( 11 )]
transform = Transform( 0.984016, 9.29299e-05, -0.178081, -8.6561e-05, 1, 4.35386e-05, 0.178081, -2.74308e-05, 0.984016, 0.0621643, -0.000138044, 0.249184 )
ranged_distance = 10.0
ranged_angle = 10.0

[node name="LeftHand" parent="FPController/LeftHandController" index="3" instance=ExtResource( 28 )]
transform = Transform( 0.983848, -8.69935e-05, 0.179008, 9.34317e-05, 1, -2.75276e-05, -0.179008, 4.38109e-05, 0.983848, 0.119461, -0.0750923, -0.055088 )

[node name="RightHandController" parent="FPController" index="3"]
transform = Transform( 1, 0, 0, 0, 1, 0, 0, 0, 1, 0, 0, 0 )
visible = true

[node name="MovementTurn" parent="FPController/RightHandController" index="0" instance=ExtResource( 1 )]

[node name="FunctionPointer" parent="FPController/RightHandController" index="1" instance=ExtResource( 3 )]
transform = Transform( 1, 0, 0, -7.27596e-12, 1, -2.91038e-11, -7.45058e-09, 0, 1, 0, 0, 0 )
show_laser = 2
active_button = 2

[node name="FunctionPickup" parent="FPController/RightHandController" index="2" instance=ExtResource( 11 )]
transform = Transform( 1, 0, 0, 0, 1, 2.91038e-11, -2.98023e-08, 2.91038e-11, 1, -0.0309038, 0.0503204, -0.103777 )
ranged_distance = 10.0
ranged_angle = 10.0

[node name="RightHand" parent="FPController/RightHandController" index="3" instance=ExtResource( 29 )]

[node name="PlayerBody" parent="FPController" instance=ExtResource( 4 )]
transform = Transform( 1, 2.91038e-11, -3.27826e-07, 4.65661e-10, 1, 1.57161e-09, -4.02331e-07, 5.82077e-11, 1, 1.50478, -1.65561, 0.0532188 )
player_height_min = 1.4

[node name="DirectionalLight" type="DirectionalLight" parent="."]
transform = Transform( 0.773055, 0.515756, -0.369299, 0, 0.58218, 0.81306, 0.634339, -0.62854, 0.450057, 0.0727329, 18.9366, -0.0305614 )
light_color = Color( 0.121569, 0.282353, 0.588235, 1 )
light_energy = 2.026
shadow_enabled = true

[node name="SpotLight2" type="SpotLight" parent="DirectionalLight"]
transform = Transform( 0.825958, -0.545834, -0.140921, 0.503487, 0.601829, 0.619922, -0.253564, -0.582982, 0.771905, 6.74808, -12.0462, 2.21599 )
light_color = Color( 1, 0.4, 0, 1 )
light_energy = 7.399
light_indirect_energy = 0.791
spot_range = 9.04061
spot_angle = 37.5508

[node name="SpotLight" type="SpotLight" parent="DirectionalLight"]
transform = Transform( 0.916705, -0.231579, -0.325611, 0.396753, 0.431073, 0.810409, -0.047311, -0.872093, 0.487047, 2.95731, -4.41312, -6.77388 )
light_color = Color( 1, 0.4, 0, 1 )
light_energy = 7.399
light_indirect_energy = 0.791
spot_range = 6.80434
spot_angle = 18.8092

[node name="SpotLight3" type="SpotLight" parent="DirectionalLight"]
transform = Transform( 1, -1.78814e-07, 5.96046e-08, 1.19209e-07, 1, 2.98023e-08, -5.96046e-08, -5.96046e-08, 1, 15.6037, -16.4934, -3.72753 )
light_color = Color( 0, 0.670588, 1, 1 )
light_energy = 7.399
light_indirect_energy = 0.791
spot_range = 5.6582
spot_angle = 52.0313

[node name="SpotLight4" type="SpotLight" parent="DirectionalLight"]
transform = Transform( 0.586368, -0.522374, -0.619111, 0.610596, 0.787265, -0.0859499, 0.532302, -0.327628, 0.780586, 6.28069, -15.6856, -9.40902 )
light_color = Color( 0, 0.670588, 1, 1 )
light_energy = 3.876
light_indirect_energy = 0.791
spot_range = 8.0
spot_angle = 0.01

[node name="smallboat" parent="DirectionalLight/SpotLight4" instance=ExtResource( 32 )]
transform = Transform( 0.190278, -0.941536, -0.278038, 0.416979, -0.178886, 0.891139, -0.888776, -0.2855, 0.358563, 10.3486, 0.495837, -15.7153 )

[node name="SpotLight5" type="SpotLight" parent="DirectionalLight"]
transform = Transform( 0.247926, -0.968462, -0.0247841, 0.797308, 0.189445, 0.573071, -0.550302, -0.16184, 0.819131, -88.4989, -10.0057, -12.5016 )
light_color = Color( 0, 0.835294, 1, 1 )
light_energy = 3.587
light_indirect_energy = 0.791
spot_range = 3.61623
spot_angle = 70.5466

[node name="Viewport2Din3D" parent="." instance=ExtResource( 8 )]
transform = Transform( -0.993188, 3.36033e-05, -0.116521, 0.000143995, 1, -0.000938866, 0.116521, -0.00094925, -0.993188, 0.616898, 1.68001, -22.4707 )
visible = false
scene = ExtResource( 5 )

[node name="ruins4Godot_Plane" type="MeshInstance" parent="."]
transform = Transform( -15.2853, 0, -0.0747303, 0, 10, 0, 0.132059, 0, -8.64968, 0.275682, 0.781047, -14.2634 )
mesh = ExtResource( 19 )

[node name="ruins4Godot_Cube003" type="MeshInstance" parent="ruins4Godot_Plane"]
transform = Transform( -0.197657, 0, 0.0172714, 0, 0.2, 0, -0.0539358, 0, -0.197657, 1.19982, -0.0561264, -1.06371 )
mesh = ExtResource( 22 )

[node name="torch" parent="." instance=ExtResource( 9 )]
transform = Transform( 1, 1.39473e-06, 2.40806e-05, -3.38276e-06, 0.996575, 0.0826907, -2.38826e-05, -0.0826907, 0.996575, 2.77629, 8.21686, 3.9818 )

[node name="Pickable" parent="torch" instance=ExtResource( 27 )]
transform = Transform( 0.0795742, -0.574861, 0.814381, 0.993573, 0.111813, -0.0181576, -0.0806171, 0.810577, 0.58006, -30.0504, -3.36251, -38.5329 )

[node name="Particles" type="Particles" parent="torch/Pickable"]
transform = Transform( 0.0579027, -0.0200248, -0.000230797, 0.00331222, 0.342277, -0.0173746, 0.000554765, 0.0464882, 0.127824, 0.0281999, 0.243605, -0.0738678 )
amount = 16
lifetime = 0.5
randomness = 1.0
visibility_aabb = AABB( -1.13747, -1.98024, -4.10729, 2.60794, 3.96047, 7.75853 )
local_coords = false
draw_order = 2
process_material = SubResource( 17 )
draw_pass_1 = SubResource( 19 )

[node name="SpotLight" type="SpotLight" parent="torch/Pickable"]
transform = Transform( -0.923281, 0.0248534, 0.383309, 0.343517, -0.3931, 0.852917, 0.171877, 0.919155, 0.354406, -0.0523005, 1.81825, 0.594497 )
light_color = Color( 1, 0.4, 0, 1 )
light_energy = 3.066
light_indirect_energy = 0.791
spot_range = 6.80434
spot_angle = 78.0368

[node name="torch" parent="torch" instance=ExtResource( 9 )]
transform = Transform( 0.998805, 0.0472819, -0.0127153, -0.0438454, 0.97933, 0.19746, 0.0217886, -0.196667, 0.980234, 0.019613, -0.0644274, -0.283575 )

[node name="Particles" type="Particles" parent="torch"]
transform = Transform( 0.425239, -0.19095, -0.0158421, 0.0166353, 0.414308, 0.109331, 6.78505e-05, -0.00443409, 0.0707451, 0.0570111, 0.135942, -0.347717 )
amount = 16
lifetime = 0.5
randomness = 1.0
visibility_aabb = AABB( -1.32816, -3.1516, -4.10729, 2.65631, 6.30319, 7.75853 )
local_coords = false
draw_order = 2
process_material = SubResource( 17 )
draw_pass_1 = SubResource( 19 )

[node name="torch2" parent="torch" instance=ExtResource( 9 )]
transform = Transform( 0.998937, -0.0455235, -0.00758285, 0.0445188, 0.907164, 0.418418, -0.0121693, -0.41831, 0.908228, -0.485962, 0.379457, 10.8965 )

[node name="Particles" type="Particles" parent="torch/torch2"]
transform = Transform( 0.224604, 0.0010037, -4.68758e-07, -0.00573927, 0.158176, -0.0232269, -0.000948426, 0.0255115, 0.145004, -0.039942, 0.152226, -0.0290928 )
randomness = 1.0
visibility_aabb = AABB( -1.13747, -1.98024, -4.10729, 2.60794, 3.96047, 7.75853 )
local_coords = false
draw_order = 2
process_material = SubResource( 17 )
draw_pass_1 = SubResource( 19 )

[node name="torch3" parent="torch" instance=ExtResource( 9 )]
transform = Transform( 0.998937, -0.0455234, -0.00758285, 0.0445188, 0.907165, 0.418419, -0.0121693, -0.41831, 0.908228, -6.73011, 0.454167, 10.5818 )

[node name="Particles" type="Particles" parent="torch/torch3"]
transform = Transform( 0.224604, 0.0010037, -4.68758e-07, -0.00573927, 0.158176, -0.0232269, -0.000948426, 0.0255115, 0.145004, -0.039942, 0.152226, -0.0290928 )
randomness = 1.0
visibility_aabb = AABB( -1.13747, -1.98024, -4.10729, 2.60794, 3.96047, 7.75853 )
local_coords = false
draw_order = 2
process_material = SubResource( 17 )
draw_pass_1 = SubResource( 19 )

[node name="foliage" type="MeshInstance" parent="."]
transform = Transform( 0.997943, -0.06315, 0.0110782, 0.0641143, 0.982932, -0.172433, 0, 0.172789, 0.984959, 8.05998, 0.760594, -13.0929 )
mesh = ExtResource( 14 )
skeleton = NodePath("../tree")

[node name="leaves_Plane007" type="MeshInstance" parent="foliage"]
transform = Transform( -0.0897843, 0.399677, 0.912248, 0.0391475, 0.916656, -0.397755, -0.995192, 0, -0.0979477, 0.0649204, -0.000270844, -0.0310917 )
mesh = ExtResource( 14 )

[node name="leaves_Plane008" type="MeshInstance" parent="foliage"]
transform = Transform( -0.979972, -0.197618, 0.0245203, -0.193692, 0.917352, -0.347776, 0.046233, -0.34556, -0.937257, -0.0512848, 0.00861096, -0.0798759 )
mesh = ExtResource( 14 )

[node name="leaves_Plane007" type="MeshInstance" parent="foliage/leaves_Plane008"]
transform = Transform( 0.0218263, 0.000166744, 0.999762, 0.0216281, 0.999766, -0.000638967, -0.999528, 0.0216368, 0.0218176, 0.0586967, -0.0084722, -0.0283747 )
mesh = ExtResource( 14 )

[node name="leaves_Plane009" type="MeshInstance" parent="foliage"]
transform = Transform( 0.133483, -0.246359, -0.414113, 0.128179, 0.43238, -0.21591, 0.464491, -0.0485204, 0.178587, 0.0328341, 0.0883594, 0.0779114 )
mesh = ExtResource( 14 )

[node name="leaves_Plane007" type="MeshInstance" parent="foliage/leaves_Plane009"]
transform = Transform( -0.124171, 0.564797, 0.815834, -0.397934, 0.724839, -0.562367, -0.908972, -0.394478, 0.134748, -0.00712776, 0.106184, -0.0977478 )
mesh = ExtResource( 14 )

[node name="leaves_Plane008" type="MeshInstance" parent="foliage/leaves_Plane009"]
transform = Transform( -0.960786, -0.127256, -0.246367, 0.0950785, 0.683429, -0.723799, 0.260482, -0.71884, -0.644529, -0.0274467, 0.0834723, -0.121559 )
mesh = ExtResource( 14 )

[node name="leaves_Plane007" type="MeshInstance" parent="foliage/leaves_Plane009/leaves_Plane008"]
transform = Transform( 0.0870601, 0.613745, 0.78469, 0.207715, 0.759184, -0.616842, -0.974308, 0.216694, -0.0613892, -0.0261908, -0.00026989, -0.065033 )
mesh = ExtResource( 14 )

[node name="foliage" type="MeshInstance" parent="foliage"]
transform = Transform( 0.798378, -0.0493296, 0.0125899, 0.0503221, 0.794635, -0.077613, -0.00771971, 0.0782476, 0.796127, -7.02467, -0.0177221, 1.21726 )
mesh = ExtResource( 14 )
skeleton = NodePath("../tree")

[node name="leaves_Plane007" type="MeshInstance" parent="foliage/foliage"]
transform = Transform( -0.0897843, 0.399677, 0.912248, 0.0391475, 0.916656, -0.397755, -0.995192, 0, -0.0979477, 0.0649204, -0.000270844, -0.0310917 )
mesh = ExtResource( 14 )

[node name="leaves_Plane008" type="MeshInstance" parent="foliage/foliage"]
transform = Transform( -0.979972, -0.197618, 0.0245203, -0.193692, 0.917352, -0.347776, 0.046233, -0.34556, -0.937257, -0.0512848, 0.00861096, -0.0798759 )
mesh = ExtResource( 14 )

[node name="leaves_Plane007" type="MeshInstance" parent="foliage/foliage/leaves_Plane008"]
transform = Transform( 0.0218263, 0.000166744, 0.999762, 0.0216281, 0.999766, -0.000638967, -0.999528, 0.0216368, 0.0218176, 0.0586967, -0.0084722, -0.0283747 )
mesh = ExtResource( 14 )

[node name="leaves_Plane009" type="MeshInstance" parent="foliage/foliage"]
transform = Transform( 0.133483, -0.246359, -0.414113, 0.128179, 0.43238, -0.21591, 0.464491, -0.0485204, 0.178587, 0.0328341, 0.0883594, 0.0779114 )
mesh = ExtResource( 14 )

[node name="leaves_Plane007" type="MeshInstance" parent="foliage/foliage/leaves_Plane009"]
transform = Transform( -0.124171, 0.564797, 0.815834, -0.397934, 0.724839, -0.562367, -0.908972, -0.394478, 0.134748, -0.00712776, 0.106184, -0.0977478 )
mesh = ExtResource( 14 )

[node name="leaves_Plane008" type="MeshInstance" parent="foliage/foliage/leaves_Plane009"]
transform = Transform( -0.960786, -0.127256, -0.246367, 0.0950785, 0.683429, -0.723799, 0.260482, -0.71884, -0.644529, -0.0274467, 0.0834723, -0.121559 )
mesh = ExtResource( 14 )

[node name="leaves_Plane007" type="MeshInstance" parent="foliage/foliage/leaves_Plane009/leaves_Plane008"]
transform = Transform( 0.0870601, 0.613745, 0.78469, 0.207715, 0.759184, -0.616842, -0.974308, 0.216694, -0.0613892, -0.0261908, -0.00026989, -0.065033 )
mesh = ExtResource( 14 )

[node name="foliage" type="MeshInstance" parent="foliage/foliage"]
transform = Transform( 0.798273, -0.04511, 0.0269348, 0.0437864, 0.797871, 0.0385576, -0.0290373, -0.0370002, 0.798617, -8.71797, 2.44617, 0.534351 )
mesh = ExtResource( 14 )
skeleton = NodePath("../tree")

[node name="leaves_Plane007" type="MeshInstance" parent="foliage/foliage/foliage"]
transform = Transform( -0.0897843, 0.399677, 0.912248, 0.0391475, 0.916656, -0.397755, -0.995192, 0, -0.0979477, 0.0649204, -0.000270844, -0.0310917 )
mesh = ExtResource( 14 )

[node name="leaves_Plane008" type="MeshInstance" parent="foliage/foliage/foliage"]
transform = Transform( -0.979972, -0.197618, 0.0245203, -0.193692, 0.917352, -0.347776, 0.046233, -0.34556, -0.937257, -0.0512848, 0.00861096, -0.0798759 )
mesh = ExtResource( 14 )

[node name="leaves_Plane007" type="MeshInstance" parent="foliage/foliage/foliage/leaves_Plane008"]
transform = Transform( 0.0218263, 0.000166744, 0.999762, 0.0216281, 0.999766, -0.000638967, -0.999528, 0.0216368, 0.0218176, 0.0586967, -0.0084722, -0.0283747 )
mesh = ExtResource( 14 )

[node name="leaves_Plane009" type="MeshInstance" parent="foliage/foliage/foliage"]
transform = Transform( 0.133483, -0.246359, -0.414113, 0.128179, 0.43238, -0.21591, 0.464491, -0.0485204, 0.178587, 0.0328341, 0.0883594, 0.0779114 )
mesh = ExtResource( 14 )

[node name="leaves_Plane007" type="MeshInstance" parent="foliage/foliage/foliage/leaves_Plane009"]
transform = Transform( -0.124171, 0.564797, 0.815834, -0.397934, 0.724839, -0.562367, -0.908972, -0.394478, 0.134748, -0.00712776, 0.106184, -0.0977478 )
mesh = ExtResource( 14 )

[node name="leaves_Plane008" type="MeshInstance" parent="foliage/foliage/foliage/leaves_Plane009"]
transform = Transform( -0.960786, -0.127256, -0.246367, 0.0950785, 0.683429, -0.723799, 0.260482, -0.71884, -0.644529, -0.0274467, 0.0834723, -0.121559 )
mesh = ExtResource( 14 )

[node name="leaves_Plane007" type="MeshInstance" parent="foliage/foliage/foliage/leaves_Plane009/leaves_Plane008"]
transform = Transform( 0.0870601, 0.613745, 0.78469, 0.207715, 0.759184, -0.616842, -0.974308, 0.216694, -0.0613892, -0.0261908, -0.00026989, -0.065033 )
mesh = ExtResource( 14 )

[node name="tree" type="MeshInstance" parent="."]
transform = Transform( 1, 0, 0, 0, 1, 0, 0, 0, 1, 13.4915, 0.443529, -21.2528 )
mesh = ExtResource( 23 )

[node name="leaves_Plane007" type="MeshInstance" parent="tree"]
transform = Transform( 1.5, 0, 0, 0, 1.5, 0, 0, 0, 1.5, -0.000956535, 6.0216, -0.00381088 )
mesh = ExtResource( 14 )
skeleton = NodePath("../..")

[node name="leaves_Plane007" type="MeshInstance" parent="tree/leaves_Plane007"]
transform = Transform( -0.0979477, 0, 0.995192, 0, 1, 0, -0.995192, 0, -0.0979477, 0.0649199, -0.000270844, -0.0310917 )
mesh = ExtResource( 14 )

[node name="leaves_Plane008" type="MeshInstance" parent="tree/leaves_Plane007"]
transform = Transform( -0.998786, 0, -0.0492681, 0, 1, 0, 0.0492681, 0, -0.998786, -0.0512853, 0.0086112, -0.0798759 )
mesh = ExtResource( 14 )

[node name="leaves_Plane007" type="MeshInstance" parent="tree/leaves_Plane007/leaves_Plane008"]
transform = Transform( -0.0979477, 0, 0.995192, 0, 1, 0, -0.995192, 0, -0.0979477, 0.0649204, -0.000270844, -0.0310912 )
mesh = ExtResource( 14 )

[node name="leaves_Plane009" type="MeshInstance" parent="tree/leaves_Plane007"]
transform = Transform( 0.335628, -0.0718034, -0.36359, -0.0265316, 0.484613, -0.120195, 0.369662, 0.0999747, 0.321489, 0.0435719, 0.0425963, 0.0779114 )
mesh = ExtResource( 14 )

[node name="leaves_Plane007" type="MeshInstance" parent="tree/leaves_Plane007/leaves_Plane009"]
transform = Transform( -0.0597743, 0.471422, 0.879879, -0.0936987, 0.874914, -0.475127, -0.993805, -0.110844, -0.00812575, 0.294182, 0.19076, 0.168293 )
mesh = ExtResource( 14 )

[node name="leaves_Plane008" type="MeshInstance" parent="tree/leaves_Plane007/leaves_Plane009"]
transform = Transform( -0.996388, -0.0546633, -0.0649837, -0.0322806, 0.951631, -0.305542, 0.0785424, -0.302341, -0.949958, -0.0512857, 0.0086112, -0.0798759 )
mesh = ExtResource( 14 )

[node name="leaves_Plane007" type="MeshInstance" parent="tree/leaves_Plane007/leaves_Plane009/leaves_Plane008"]
transform = Transform( 0.0870601, 0.613745, 0.78469, 0.207715, 0.759184, -0.616842, -0.974308, 0.216694, -0.0613892, -0.0261908, -0.00026989, -0.065033 )
mesh = ExtResource( 14 )

[node name="tree" type="MeshInstance" parent="tree"]
transform = Transform( 1, 0, 0, 0, 1, 0, 0, 0, 1, -27.4682, 0.443529, -0.722912 )
mesh = ExtResource( 23 )

[node name="leaves_Plane007" type="MeshInstance" parent="tree/tree"]
transform = Transform( 1.5, 0, 0, 0, 1.5, 0, 0, 0, 1.5, -0.000956535, 6.0216, -0.00381088 )
mesh = ExtResource( 14 )
skeleton = NodePath("../..")

[node name="leaves_Plane007" type="MeshInstance" parent="tree/tree/leaves_Plane007"]
transform = Transform( -0.0979477, 0, 0.995192, 0, 1, 0, -0.995192, 0, -0.0979477, 0.0649199, -0.000270844, -0.0310917 )
mesh = ExtResource( 14 )

[node name="leaves_Plane008" type="MeshInstance" parent="tree/tree/leaves_Plane007"]
transform = Transform( -0.998786, 0, -0.0492681, 0, 1, 0, 0.0492681, 0, -0.998786, -0.0512853, 0.0086112, -0.0798759 )
mesh = ExtResource( 14 )

[node name="leaves_Plane007" type="MeshInstance" parent="tree/tree/leaves_Plane007/leaves_Plane008"]
transform = Transform( -0.0979477, 0, 0.995192, 0, 1, 0, -0.995192, 0, -0.0979477, 0.0649204, -0.000270844, -0.0310912 )
mesh = ExtResource( 14 )

[node name="leaves_Plane009" type="MeshInstance" parent="tree/tree/leaves_Plane007"]
transform = Transform( 0.335628, -0.0718034, -0.36359, -0.0265316, 0.484613, -0.120195, 0.369662, 0.0999747, 0.321489, 0.0435719, 0.0425963, 0.0779114 )
mesh = ExtResource( 14 )

[node name="leaves_Plane007" type="MeshInstance" parent="tree/tree/leaves_Plane007/leaves_Plane009"]
transform = Transform( -0.0597743, 0.471422, 0.879879, -0.0936987, 0.874914, -0.475127, -0.993805, -0.110844, -0.00812572, -0.0153608, 0.107045, -0.10091 )
mesh = ExtResource( 14 )

[node name="leaves_Plane008" type="MeshInstance" parent="tree/tree/leaves_Plane007/leaves_Plane009"]
transform = Transform( -0.996388, -0.0546633, -0.0649837, -0.0322806, 0.951631, -0.305542, 0.0785424, -0.302341, -0.949958, -0.0512857, 0.0086112, -0.0798759 )
mesh = ExtResource( 14 )

[node name="leaves_Plane007" type="MeshInstance" parent="tree/tree/leaves_Plane007/leaves_Plane009/leaves_Plane008"]
transform = Transform( 0.0870601, 0.613745, 0.78469, 0.207715, 0.759184, -0.616842, -0.974308, 0.216694, -0.0613892, -0.0261908, -0.00026989, -0.065033 )
mesh = ExtResource( 14 )

[node name="SB_Tree" type="StaticBody" parent="tree/tree"]

[node name="CollisionShape" type="CollisionShape" parent="tree/tree/SB_Tree"]
transform = Transform( 1, 0, 0, 0, 1, 0, 0, 0, 1, 0, 2.8804, 0 )
shape = SubResource( 34 )

[node name="tree3" type="MeshInstance" parent="tree"]
transform = Transform( 1, 0, 0, 0, 1, 0, 0, 0, 1, -18.0931, -0.00578022, 1.51989 )
mesh = ExtResource( 23 )
skeleton = NodePath("../tree2")

[node name="leaves_Plane007" type="MeshInstance" parent="tree/tree3"]
transform = Transform( 1.5, 0, 0, 0, 1.5, 0, 0, 0, 1.5, -0.000956535, 6.0216, -0.00381088 )
mesh = ExtResource( 14 )
skeleton = NodePath("../../tree2")

[node name="leaves_Plane007" type="MeshInstance" parent="tree/tree3/leaves_Plane007"]
transform = Transform( -0.0979477, 0, 0.995192, 0, 1, 0, -0.995192, 0, -0.0979477, 0.0649199, -0.000270844, -0.0310936 )
mesh = ExtResource( 14 )

[node name="leaves_Plane008" type="MeshInstance" parent="tree/tree3/leaves_Plane007"]
transform = Transform( -0.998786, 0, -0.0492681, 0, 1, 0, 0.0492681, 0, -0.998786, -0.0512853, 0.0086112, -0.0798759 )
mesh = ExtResource( 14 )

[node name="leaves_Plane007" type="MeshInstance" parent="tree/tree3/leaves_Plane007/leaves_Plane008"]
transform = Transform( -0.0979477, 0, 0.995192, 0, 1, 0, -0.995192, 0, -0.0979477, 0.0649204, -0.000270844, -0.0310912 )
mesh = ExtResource( 14 )

[node name="leaves_Plane009" type="MeshInstance" parent="tree/tree3/leaves_Plane007"]
transform = Transform( 0.335628, -0.0718034, -0.36359, -0.0265316, 0.484613, -0.120195, 0.369662, 0.0999747, 0.321489, 0.0435719, 0.0425963, 0.0779114 )
mesh = ExtResource( 14 )

[node name="leaves_Plane007" type="MeshInstance" parent="tree/tree3/leaves_Plane007/leaves_Plane009"]
transform = Transform( -0.0597743, 0.471422, 0.879879, -0.0936987, 0.874914, -0.475127, -0.993805, -0.110844, -0.00812572, -0.0153608, 0.107045, -0.10091 )
mesh = ExtResource( 14 )

[node name="leaves_Plane008" type="MeshInstance" parent="tree/tree3/leaves_Plane007/leaves_Plane009"]
